0.215437
0.29493
0.322639
0.334282
0.157388
0.183701
0.461489
0.467841
0.476084
0.193756
0.442734
0.092455
0.506086
0.168934
-0.085703
0.369974
-0.028988
0.360077
0.12496
0.316289
0.571359
0.276671
0.162606
-0.01567
0.069807
0.251479
0.065353
0.582332
0.286633
0.658595
0.218666
0.285364
-0.349785
0.064297
-0.139784
0.053914
0.073949
0.275133
0.434394
0.258194
0.232975
0.475979
0.091652
0.530337
0.379954
0.259893
0.486681
0.11073
-0.019912
0.162686
0.121215
0.516124
0.130753
-0.240621
0.094952
0.082893
0.008723
0.188596
-0.05334
0.068092
0.363919
0.154345
0.137559
0.175366
0.301701
0.197696
0.439739
0.070705
0.157254
0.023983
0.491827
0.321517
0.167674
0.564868
0.129097
0.490197
0.604938
0.210777
0.574219
0.114833
0.128965
0.303246
0.535547
-0.096617
0.559084
0.13584
-0.101689
0.226552
0.072762
0.365175
0.028153
0.062676
0.178879
0.247174
0.1569
0.122923
0.10836
0.251503
0.275284
0.089557
0.255534
0.040406
0.333569
0.332567
-0.047674
0.517659
-0.026004
0.250338
0.477302
0.31388
0.273555
0.220766
0.718772
0.308902
0.020842
-0.097223
0.268195
0.108584
0.178738
0.428003
0.388015
0.037069
0.542535
0.145826
0.544815
0.447766
0.491632
0.249137
0.202986
-0.050548
0.632963
0.232689
0.207792
-0.044721
0.240128
0.506061
0.188153
0.016189
0.142952
0.067353
0.446009
0.057641
-0.143764
0.544271
0.480756
0.236843
0.259433
0.022278
0.270873
0.261241
0.112143
0.383472
0.426774
0.163916
0.022447
0.267331
0.287204
0.103373
0.407572
0.256153
0.087616
0.372447
0.328998
0.076198
-0.251237
0.012155
0.088154
0.196197
0.283616
0.427189
-0.079374
0.347469
0.059787
0.41779
0.052861
0.204211
0.156054
0.093044
0.280283
0.548177
0.170666
0.58589
0.157797
0.076677
0.274192
0.427884
0.086789
0.082481
0.415319
0.160924
0.486793
0.145465
0.065829
0.016506
0.559605
0.505936
0.079561
-0.182509
0.1854
0.072773
0.239985
0.146817
-0.000562
-0.012863
0.611058
-0.023481
0.246121
0.062631
0.177826
0.187405
0.249816
0.309857
0.257548
0.420291
0.138635
0.02116
0.41025
0.049749
0.009521
0.196825
0.109007
0.313518
0.128711
0.293486
0.012492
0.288147
0.433112
0.079796
0.067016
0.136398
0.284923
0.16713
-0.086275
0.306717
0.171533
0.087205
0.405778
0.426486
0.341574
-0.130833
-0.054781
0.304942
0.156203
0.077
0.188008
-0.009473
-0.05029
0.431555
0.454965
-0.017501
0.401168
-0.000276
0.233746
0.165824
0.554136
0.171541
0.259465
0.482059
-0.110875
0.363529
0.079601
0.235097
0.342425
0.061607
0.195921
0.132688
0.402403
0.173776
0.217628
0.483976
0.05891
0.260713
0.488879
0.027751
0.358196
0.008618
0.082613
0.351388
0.147329
0.248121
0.529268
0.316556
-0.077472
0.237416
-0.106977
0.379556
0.174945
0.420979
0.027608
-0.072884
0.540884
-0.101145
-0.009426
0.193388
0.547494
0.021899
0.188283
0.197531
0.587516
0.263869
-0.115098
0.383719
0.106465
0.2072
0.236041
0.060342
0.444584
0.111122
0.319586
0.105881
0.247482
0.033015
0.132655
0.2167
0.280497
0.321944
-0.064466
0.077525
0.058226
-0.089436
0.552513
0.307715
0.032349
0.09335
0.409022
0.104062
0.14829
0.408946
0.394763
0.039381
0.109168
0.103674
0.112099
0.380974
0.201311
0.547261
0.106035
0.630585
0.15542
-0.298881
0.214708
-0.01499
0.07943
-0.165853
0.066623
0.213581
0.409311
0.110441
0.524943
0.073179
0.447283
-0.042062
0.178113
0.088416
0.030549
0.225543
-0.058044
-0.118866
0.436103
0.222573
0.15814
0.025482
0.473601
0.107157
0.088093
0.201711
0.291802
0.106731
0.300443
-0.064827
0.213653
0.557732
-0.040569
0.293076
0.15553
0.208988
0.127312
0.218199
-0.205737
0.339054
0.053162
-0.023509
0.532555
0.13468
0.341869
0.210052
0.139304
0.457702
0.495359
0.167122
0.192684
-0.050353
0.128046
-0.319276
0.051334
0.338957
-0.092514
0.392292
0.025884
0.041094
0.509822
0.416912
0.085434
0.186379
0.218488
0.220021
-0.254219
0.220735
0.450835
0.009022
0.487797
0.211603
0.472527
0.422876
0.092867
0.533254
0.295281
0.200705
0.209709
-0.180682
0.50994
0.127846
-0.037883
0.258639
0.103846
0.299605
0.105954
0.452048
0.322038
0.362058
0.350781
0.019525
0.195808
0.19441
0.278749
0.544359
0.372239
0.459694
0.205924
0.140763
0.186313
0.47273
0.411135
0.556214
0.157117
0.036506
0.19799
0.536863
-0.125814
0.694172
0.315346
0.486558
0.132983
0.414972
-0.103567
0.135858
0.155436
0.223195
0.132493
-0.048206
0.435966
0.036455
0.077096
0.011866
-0.235486
0.001696
0.201838
0.381244
-0.149761
0.290435
0.569213
0.383872
0.419826
0.349781
0.020765
0.22558
0.390639
0.102472
0.236186
0.136533
0.131103
0.309993
-0.028537
0.426154
-0.007457
0.251889
0.201537
0.382292
0.562883
0.144873
0.178748
0.046714
0.340274
0.303332
0.065319
-0.010397
0.115719
0.394865
0.352459
-0.130677
0.539199
0.077373
0.612947
0.327254
0.268299
0.491251
-0.025102
0.144107
0.454757
0.171591
0.512146
0.206645
0.403353
0.310402
-0.046095
0.0697
0.014688
0.369669
0.178154
0.248769
0.102825
0.060996
-0.027473
0.171402
0.226107
0.153139
0.113084
0.025937
0.046952
0.017491
0.228872
0.190738
0.241497
0.326813
0.559
0.060821
0.266952
0.017126
0.610847
0.076435
0.075971
0.208495
0.045433
0.026258
-0.023086
0.122367
0.373374
0.343668
-0.1474
-0.077649
0.33424
-0.001163
0.008099
0.133667
0.328106
0.204529
0.582665
0.021622
0.355798
0.414931
0.453288
0.515292
-0.066367
0.136976
0.169978
0.296098
0.366609
0.166846
0.214464
0.103285
0.497701
-0.053869
0.178819
0.468795
-0.051901
0.116126
0.374185
0.220944
0.071376
0.253791
0.061554
-0.192685
0.330123
0.187248
0.237809
0.039292
0.289711
0.461683
0.353365
-0.040121
0.335749
0.399136
0.096593
-0.105399
0.199186
0.060247
0.146374
0.305343
0.013199
0.191315
0.662049
0.27716
-0.035146
0.617549
0.166799
0.239427
0.319265
-0.055916
0.025759
0.497916
0.134485
-0.046068
-0.236537
-0.105085
0.278467
0.336408
0.349258
-0.019147
0.518332
0.341073
0.225997
0.307919
0.464086
0.256256
0.245204
0.247986
-0.047648
0.345077
0.126671
-0.005663
0.122863
0.378684
0.116605
0.133857
0.007947
0.602309
0.309329
0.204247
-0.018177
0.155379
0.14752
0.196915
0.369845
-0.004922
0.503356
0.133506
0.095821
0.223423
0.436004
0.479434
0.479192
-0.019082
0.176544
0.625155
0.407376
0.629573
0.15148
0.312493
-0.044957
-0.129423
0.502775
0.160841
0.422137
-0.03302
0.037207
0.017632
0.069042
0.326728
0.475721
0.124385
0.32149
0.204544
0.304423
0.110344
0.295218
-0.038515
0.335046
0.31104
0.078401
0.160957
0.093341
0.445748
0.466715
0.263051
